23112001  
23112002  
23112003  
23112004  
23112005  
23112006  
23112007  
23112008  
23112009  
23112010  
23112011  
23112012  
23112013  
23112014  
23112015  
23112016  
23112017  
23112018  
23112019  
23112020  
23112021  
23112022  
23112023  
23112024  
23112025  
23112026  
23112027  
23112028  
23112029  
23112030  
23112031  
23112032  
23112033  
23112034  
23112035  
23112036  
23112037  
23112038  
23112039  
23112040  
23112041  
23112042  
23112043  
23112044  
23112045  
23112046  
23112047  
23112048  
23112049  
23112050  
23112051  
23112052  
23112053  
23112054  
23112055  
23112056  
23112057  
23112058  
23112059  
23112060  
23112061  
23112062  
23112063  
23112064  
23112065  
23112066  
23112067  
23112068  
23112069  
23112070  
23112071  
